0
0
0
0
0
0
0
0
0
0
0
129
43
129
43
43
86
129
43
43
43
43
43
43
43
129
43
43
43
43
86
172
43
43
43
43
43
43
43
215
301
172
172
172
172
172
172
172
172
172
387
387
344
344
172
172
172
43
172
172
43
43
43
43
43
215
43
129
43
43
215
172
172
861
172
172
129
129
129
129
129
172
172
172
172
43
172
43
43
43
43
43
43
129
43
86
2196
1851
2196
3660
172
172
172
172
172
172
172
172
172
344
172
172
172
172
172
43
172
172
172
43
86
43
43
2885
3531
2110
3617
2110
1335
215
387
344
344
301
430
387
129
129
86
129
129
129
172
86
129
129
43
43
43
0
43
86
43
0
43
43
86
43
43
172
129
129
129
129
129
129
387
344
344
129
172
43
129
344
387
43
86
43
0
43
43
86
43
344
301
344
172
301
344
344
172
172
172
172
129
129
129
387
129
129
129
172
172
172
43
172
172
43
43
172
43
129
43
43
3746
3445
3660
3100
3143
172
344
301
301
301
301
301
301
301
172
301
301
301
172
301
301
43
301
43
43
43
86
86
86
86
43
43
215
645
904
904
1033
1033
602
602
172
172
172
172
172
129
172
43
86
43
43
43
43
129
86
86
129
43
43
2971
2842
2713
172
430
387
129
473
344
430
387
430
129
129
43
86
86
43
43
43
43
43
43
43
43
2756
2756
3143
2110
43
43
129
387
387
387
430
430
430
430
301
172
129
387
387
43
43
129
43
43
86
43
43
43
43
43
0
43
43
86
86
215
129
172
